499
782
788
148
192
256
246
168
366
677
882
810
31
702
392
848
95
73
995
406
194
130
711
592
175
119
902
606
351
833
177
301
43
742
155
429
581
939
771
93
918
871
799
248
220
79
982
450
331
880
727
423
787
217
605
457
168
701
21
55
894
211
271
764
245
282
869
617
304
911
469
138
698
344
922
471
546
869
8
753
736
627
174
521
747
983
154
585
531
62
720
503
590
620
906
535
284
563
985
671
558
60
143
180
752
381
279
882
878
309
609
256
772
208
769
331
823
608
956
269
566
479
211
444
278
194
328
858
862
555
60
679
735
147
191
787
117
737
780
240
130
364
406
696
374
293
470
961
173
3
745
989
551
951
142
860
85
943
334
495
169
536
262
118
914
88
744
768
845
704
384
488
814
578
703
166
38
958
992
387
979
222
647
81
881
392
887
175
108
718
596
959
91
846
718
374
599
486
52
968
277
423
510
835
845
168
928
472
155
557
277
98
319
115
691
664
473
64
81
463
344
436
224
1
672
886
121
510
720
416
113
318
568
451
709
82
596
366
334
744
601
849
228
984
282
236
565
806
414
267
416
900
871
546
597
346
827
369
577
279
868
452
559
134
462
568
574
203
208
16
941
298
572
377
684
478
339
2
629
954
860
279
677
465
279
749
427
676
307
821
713
393
797
953
789
662
313
846
906
175
139
420
734
741
673
89
646
950
958
99
170
603
184
546
34
899
348
968
85
868
904
333
25
40
157
596
356
875
363
961
129
53
976
430
112
338
253
218
757
347
475
137
911
220
379
113
582
907
984
570
169
475
920
562
485
648
498
155
595
526
268
755
955
304
488
791
579
620
991
406
29
83
209
563
773
417
702
322
131
611
395
832
328
468
872
979
389
904
503
534
514
442
865
50
300
383
929
744
695
241
736
81
820
185
835
812
882
371
581
745
244
257
522
663
331
215
462
374
464
19
490
53
920
72
204
715
449
564
598
859
269
93
592
83
61
678
996
717
824
502
757
371
530
166
723
574
388
721
781
605
215
247
148
975
809
285
820
973
471
16
644
142
807
664
256
537
735
234
177
168
162
392
687
51
182
939
701
897
726
111
777
599
534
649
535
291
996
419
256
971
880
137
120
368
209
648
603
983
604
58
820
16
187
959
194
179
769
914
684
253
405
364
961
602
548
111
319
751
2
578
838
588
557
128
287
685
713
809
523
752
186
34
692
232
930
880
364
636
273
864
858
277
389
302
377
684
722
609
271
149
185
180
700
502
910
826
175
455
92
85
12
588
983
111
504
313
421
264
698
977
382
957
47
579
873
823
804
484
215
729
10
852
124
755
59
502
292
780
383
346
104
954
503
527
957
951
779
942
200
573
510
866
29
958
640
975
849
386
227
216
476
429
993
582
255
993
738
54
664
583
141
683
181
41
458
22
263
815
972
892
68
799
575
770
180
683
780
945
930
748
544
918
104
61
761
453
752
41
941
109
508
450
607
37
382
981
202
321
217
708
834
183
107
882
33
894
880
701
785
363
417
948
528
951
946
632
433
246
664
51
278
172
1000
46
431
72
586
527
9
90
534
770
34
494
927
385
532
370
534
292
835
458
628
544
40
756
451
323
445
948
295
979
38
613
414
565
556
641
938
911
442
289
797
918
26
814
186
419
633
698
456
649
901
41
463
96
491
846
269
258
546
530
842
632
715
231
798
61
277
130
548
455
940
302
191
735
165
354
339
812
457
428
654
333
926
971
226
903
555
66
111
518
42
981
274
966
781
66
881
28
540
49
436
433
650
307
474
615
79
702
653
535
584
106
869
974
253
874
699
987
127
88
846
407
286
590
469
633
713
466
241
224
508
882
724
174
520
910
213
152
284
231
466
371
203
460
870
231
310
114
461
331
540
166
852
969
425
478
600
781
263
396
720
755
355
181
90
434
631
10
253
784
54
754
690
843
514
834
990
989
537
15
460
361
23
131
624
757
389
379
761
100
986
5
89
403
333
907
459
996
789
936
449
681
539
436
575
383
370
884
917
820
570
326
836
685
414
649
623
848
140
674
860
120
15
437
965
204
69
28
952
536
356
816
644
892
132
945
719
756
186
511
735
681
669
945
987
73
123
720
380
107
157
674
745
760
80
898
971
276
125
362
78
731
342
206
895
731
87
866
319
734
82
51
212
874
397
884
898
699
344
423
847
709
186
150
595
123
790
965
155
903
802
675
185
619
739
964
950
422
391
353
689
16
283
714
343
244
557
496
705
622
513
927
1
900
232
115
547
549
